82,0
81,4
81,3
81,2
81,1
81,0
80,4
80,3
80,2
80,1
80,0
79,6
79,5
79,4
79,3
79,2
79,1
79,0
78,4
78,3
78,2
78,1
78,0
77,3
77,2
77,1
77,0
76,3
76,2
76,1
76,0
75,3
75,2
75,1
75,0
74,3
74,2
74,1
74,0
73,6
73,5
73,4
73,3
73,2
73,1
73,0
72,3
72,2
72,1
72,0
71,8
71,7
71,6
71,5
71,4
71,3
71,2
71,1
71,0
70,4
70,3
70,2
70,1
70,0
69,4
69,3
69,2
69,1
69,0
4,3
4,2
4,1
4,0
3,6
3,5
3,4
3,3
3,2
3,1
3,0
2,10
2,9
2,8
2,7
2,6
2,5
2,4
2,3
2,2
2,1
2,0
1,3
1,2
1,1
1,0
0,443
0,442
0,412
0,411
0,383
0,382
0,322
0,243
0,9
0,1
0,0
0,310
0,305
0,445
0,308
0,304
0,303
0,302
0,307
0,12
0,409
0,10
0,8
0,408
0,300
0,407
0,299
0,410
0,298
0,406
0,297
0,405
0,296
0,404
0,295
0,425
0,294
0,403
0,293
0,402
0,292
0,401
0,291
0,424
0,290
0,400
0,289
0,399
0,288
0,398
0,287
0,423
0,286
0,397
0,285
0,396
0,284
0,395
0,283
0,422
0,282
0,394
0,281
0,393
0,280
0,392
0,279
0,421
0,278
0,391
0,277
0,390
0,276
0,389
0,275
0,420
0,274
0,388
82,1
82,2
83,0
83,1
83,3
84,0
84,2
84,4
85,0
85,2
85,3
86,0
86,2
86,3
87,1
87,2
87,4
87,5
88,1
88,3
89,0
89,2
89,3
90,1
90,3
91,0
91,2
91,3
92,1
92,2
93,0
93,2
93,3
94,1
94,2
95,0
95,2
95,3
96,1
96,2
97,0
97,1
97,3
98,1
98,2
99,0
99,1
99,3
100,1
100,2
101,0
101,1
101,3
102,1
102,2
103,0
103,1
103,3
104,0
104,2
105,0
105,1
105,3
106,0
106,2
106,4
107,0
107,2
107,3
108,0
108,1
108,3
109,1
109,2
109,4
110,0
110,2
110,4
111,0
111,2
111,3
112,0
112,1
112,3
113,0
113,1
113,3
113,4
114,0
114,2
114,3
115,1
115,2
115,4
115,6
115,7
116,1
116,2
116,4
116,5
117,1
117,3
117,4
118,1
118,2
118,4
119,1
119,2
119,4
119,5
120,1
120,2
120,4
121,1
121,2
121,4
122,0
122,2
122,4
123,0
123,2
123,3
124,1
124,2
124,4
124,6
124,7
125,1
125,2
125,4
125,6
125,7
126,0
126,1
126,3
127,0
127,2
127,4
128,0
128,2
128,3
128,5
128,7
129,0
129,2
129,3
129,5
129,7
130,0
130,2
130,3
131,0
131,1
131,3
132,1
132,2
132,4
132,5
133,0
133,2
133,3
134,0
134,1
134,3
134,4
135,1
135,3
135,4
135,6
135,7
136,1
136,3
136,4
137,1
137,2
137,4
137,5
138,1
138,3
138,4
138,6
138,7
139,1
139,3
139,4
139,6
139,7
140,1
140,3
140,4
141,1
141,2
141,4
142,0
142,2
142,4
142,5
142,7
143,0
143,2
143,4
143,5
144,1
144,2
144,4
144,5
145,1
145,3
145,4
146,1
146,2
146,4
147,0
147,1
147,3
147,4
148,1
148,2
148,4
149,1
149,2
149,4
150,0
150,2
150,4
151,0
151,2
151,3
151,5
152,0
152,2
153,0
153,1
153,3
153,4
154,1
154,3
154,4
154,6
154,7
154,5
154,2
154,0
153,2
152,3
152,1
151,4
151,1
150,3
150,1
149,3
149,0
148,3
148,0
147,2
146,5
146,3
146,0
145,2
145,0
144,3
144,0
143,3
143,1
142,6
142,3
142,1
141,3
141,0
140,2
140,0
139,5
139,2
139,0
138,5
138,2
138,0
137,3
137,0
136,2
136,0
135,5
135,2
135,0
134,2
133,4
133,1
132,6
132,3
132,0
131,2
130,4
130,1
129,6
129,4
129,1
128,6
128,4
128,1
127,3
127,1
126,2
125,8
125,5
125,3
125,0
124,5
124,3
124,0
123,1
122,3
122,1
121,3
121,0
120,3
120,0
119,3
119,0
118,3
118,0
117,2
117,0
116,3
116,0
115,5
115,3
115,0
114,1
113,5
113,2
112,4
112,2
111,4
111,1
110,3
110,1
109,3
109,0
108,2
107,4
107,1
106,3
106,1
105,2
104,3
104,1
103,2
102,3
102,0
101,2
100,3
100,0
99,2
98,3
98,0
97,2
96,3
96,0
95,1
94,3
94,0
93,1
92,3
92,0
91,1
90,2
90,0
89,1
88,2
88,0
87,3
87,0
86,1
85,4
85,1
84,3
84,1
83,2
82,3
0,273
0,387
0,272
0,386
0,271
0,419
0,270
0,385
0,269
0,384
0,268
0,381
0,267
0,418
0,266
0,380
0,265
0,379
0,264
0,378
0,263
0,417
0,262
0,377
0,261
0,376
0,260
0,375
0,259
0,416
0,258
0,374
0,257
0,373
0,256
0,372
0,255
0,415
0,254
0,371
0,253
0,370
0,252
0,369
0,251
0,414
0,250
0,368
0,249
0,367
0,248
0,366
0,247
0,413
0,246
0,365
0,245
0,364
0,244
0,363
0,242
0,441
0,241
0,362
0,240
0,361
0,239
0,360
0,238
0,440
0,237
0,359
0,236
0,358
0,235
0,357
0,234
0,439
0,233
0,356
0,232
0,355
0,231
0,354
0,230
0,438
0,229
0,353
0,228
0,352
0,227
0,351
0,226
0,437
0,225
0,350
0,224
0,349
0,223
0,348
0,222
0,436
0,221
0,347
0,220
0,346
0,219
0,345
0,218
0,435
0,217
0,344
0,216
0,343
0,215
0,342
0,214
0,434
0,213
0,341
0,212
0,340
0,211
0,339
0,210
0,433
0,209
0,338
0,208
0,337
0,207
0,336
0,206
0,432
0,205
0,335
0,204
0,334
0,203
0,333
0,202
0,431
0,201
0,332
0,200
0,331
0,199
0,330
0,198
0,430
0,197
0,329
0,196
0,328
0,195
0,327
0,194
0,429
0,193
0,326
0,192
0,325
0,63
0,324
0,62
0,428
0,61
0,323
0,60
0,321
0,59
0,320
0,58
0,427
0,57
0,319
0,56
0,318
0,55
0,317
0,54
0,426
0,53
0,316
0,52
0,315
0,51
0,314
0,50
0,313
0,49
0,312
0,48
0,311
0,47
0,309
0,46
0,306
0,45
0,301
0,6
0,5
0,444
0,11
0,4
0,2
0,3
0,7
